aspiration_window = 50.18695012752649
rfp_depth = 6.068591258378946
rfp_mul = 49.98574698322443
rfp_improvement = 74.79059052584495
nmp_improvement = 74.98670099401588
nmp_base = 3.0020547559290622
nmp_depth_div = 2.8962294135348885
nmp_beta_div = 149.99356550808983
razoring_margin = 300.32075852714166
probcut_margin = 200.74633621580716
probcut_depth = 3.0010603672743135
